year,count,mean,std,min,25%,50%,75%,max
1946,94.0,59.40744680851066,8.007499701881658,39.0,53.1,60.1,66.0,78.1
1947,94.0,64.62553191489363,7.335023307278945,42.1,60.6,64.9,70.0,77.0
1948,94.0,64.05638297872338,5.476176330852474,51.1,61.0,64.0,68.82499999999999,73.9
1949,94.0,64.37234042553192,8.858498188882482,42.1,59.0,66.9,71.1,77.0
1950,94.0,61.26808510638298,5.679489844687181,46.0,57.9,62.1,64.9,75.0
1951,94.0,60.83297872340426,5.852880704164136,46.0,57.225,62.1,64.0,73.0
1952,94.0,63.79680851063829,7.444727543671204,45.0,60.1,64.0,69.1,79.0
1953,94.0,64.13510638297872,7.949811757381952,41.0,60.1,64.9,70.0,78.1
1954,94.0,65.09680851063828,5.865837895902175,46.9,62.325,65.45,69.1,75.0
1955,94.0,66.93617021276597,7.083098937002166,44.1,63.0,68.55,72.0,80.1
1956,94.0,63.09574468085106,7.088456690753765,37.9,59.0,64.0,68.0,75.9
1957,94.0,64.84255319148937,5.549261102837278,51.1,62.1,66.0,69.1,77.0
1958,94.0,63.32765957446809,6.092572672963159,48.0,59.0,64.0,68.0,77.0
1959,94.0,66.3659574468085,6.992938883954934,44.1,62.325,68.0,71.1,78.1
1960,94.0,65.54042553191489,5.646548458518253,50.0,62.1,66.9,70.0,75.0
1961,94.0,65.33297872340425,6.22515514852428,45.0,63.0,66.9,70.0,75.0
1962,94.0,63.7159574468085,6.508741899664583,42.1,61.0,64.9,68.0,75.0
1963,94.0,64.09680851063827,6.240803162532461,46.9,60.1,64.9,68.0,73.9
1964,94.0,64.65957446808514,7.280395226612714,45.0,60.325,66.0,70.0,78.1
1965,94.0,62.72765957446809,6.697494383920699,43.0,59.0,63.0,66.9,78.1
1966,94.0,69.14787234042552,5.454005704075395,52.0,65.17500000000001,70.0,72.0,80.1
1967,94.0,65.25425531914891,4.874481828399971,55.0,61.0,66.0,69.1,75.0
1968,94.0,66.91063829787234,6.280871593600024,55.0,63.0,66.45,71.1,81.0
1969,94.0,67.99574468085106,5.501317826356184,54.0,64.225,70.0,72.0,75.9
1970,94.0,65.66489361702126,6.918740444864199,48.0,61.275,66.0,70.0,89.1
1971,94.0,64.29893617021276,6.125084940044803,46.9,60.1,64.9,68.0,77.0
1972,94.0,63.55851063829788,8.583034147508966,45.0,57.9,64.45,69.1,80.1
1973,94.0,70.37127659574465,6.073981570289835,52.0,66.9,70.9,74.8,81.9
1974,94.0,66.20531914893616,7.108715943837327,42.1,62.1,68.0,70.82499999999999,80.1
1975,94.0,68.25000000000004,6.584859629793638,50.0,65.17500000000001,70.0,73.0,80.1
1976,94.0,66.77765957446809,5.445885380889782,48.9,63.25,66.0,71.1,80.1
1977,94.0,66.86489361702127,5.5906163210129165,52.0,63.0,66.0,70.0,82.0
1978,94.0,68.92340425531913,3.943155919947111,57.9,66.225,69.1,71.1,78.1
1979,94.0,65.15957446808508,6.466577748234747,50.0,61.0,66.9,70.0,75.0
1980,94.0,68.2510638297872,5.054131593847251,53.1,64.9,68.55,71.775,82.0
1981,94.0,67.12446808510639,5.529873633474483,48.9,64.0,68.0,71.1,79.0
1982,94.0,66.21170212765956,6.486857787351959,48.0,62.325,68.0,70.82499999999999,78.1
1983,94.0,71.49255319148934,7.321102792564162,43.0,68.275,73.9,75.9,82.0
1984,94.0,68.17659574468087,5.916523709287604,51.1,64.225,68.0,72.0,80.1
1985,94.0,68.34787234042552,4.905926385908977,53.1,66.0,69.1,71.775,78.1
1986,94.0,67.2021276595745,6.599282768513302,51.1,62.1,69.1,71.1,82.9
1987,94.0,68.73297872340426,6.333107890122317,53.1,64.9,69.55,73.0,82.0
1988,94.0,72.03829787234045,7.450122411969402,53.1,66.9,72.5,78.1,84.9
1989,94.0,69.18085106382979,5.440949407106978,46.9,66.0,70.0,73.0,84.0
1990,94.0,66.27446808510638,6.471557891418517,50.0,62.325,66.9,71.1,81.0
1991,94.0,68.07659574468086,6.209833089231201,44.1,64.9,69.1,72.0,78.1
1992,94.0,63.54255319148934,5.037482930128281,48.9,61.0,63.45,66.9,77.9
1993,94.0,66.92659574468078,6.029785843518108,52.0,63.0,68.0,70.9,79.9
1994,94.0,66.07978723404251,4.667401934101985,54.0,61.9,65.8,68.9,79.0
1995,94.0,69.61702127659566,7.228016552960089,39.9,66.9,70.9,73.9,82.9
1996,93.0,67.81182795698928,6.005465797782912,50.0,64.4,69.8,71.6,78.8
1997,94.0,66.60212765957444,4.8683745432336245,55.4,64.4,66.2,69.8,78.8
1998,94.0,70.54680851063833,3.8107008958689286,59.0,68.0,71.6,73.4,80.6
1999,94.0,68.74680851063827,6.441009440149799,51.8,66.2,69.8,72.95,86.0
2000,94.0,68.24893617021274,4.885852842225392,50.0,66.2,69.8,71.6,77.0
2001,93.0,68.48387096774195,5.785012312988676,57.2,64.4,69.8,73.4,80.6
2002,94.0,71.1212765957447,5.009600940053622,51.8,68.0,69.8,75.2,80.6
2003,94.0,59.80531914893618,6.4219610949966714,41.0,57.0,60.9,63.75,73.0
2004,94.0,58.22021276595746,5.761898951225747,48.0,53.6,57.45,62.1,71.1
2005,94.0,68.03723404255322,4.94074531930421,53.6,64.4,68.0,71.6,80.1
2006,94.0,66.27553191489365,6.924783078318496,44.6,62.1,66.0,71.6,82.0
2007,94.0,65.52872340425535,6.438904307051031,42.1,62.1,66.9,69.95,75.0
2008,94.0,64.34680851063828,5.690393756386501,48.9,60.849999999999994,64.45,69.1,75.0
2009,94.0,63.514893617021265,5.613672967149881,48.2,60.1,63.0,66.72500000000001,77.0
2010,94.0,67.21914893617027,6.56444113690915,51.1,64.0,69.1,71.6,78.8
2011,94.0,66.6,7.191616983593446,44.1,62.225,66.9,72.0,82.0
2012,94.0,67.3723404255319,7.797730635618291,46.9,62.7,69.1,72.75,82.9
2013,94.0,64.81702127659577,6.597875811603981,48.9,61.0,64.0,69.1,80.1
2014,94.0,62.741489361702136,7.174602901220959,42.1,60.1,63.0,68.0,73.0
2015,94.0,64.42659574468084,6.054167240389495,50.0,59.0,64.9,69.1,75.9
2016,94.0,67.7063829787234,3.9090413122378775,60.6,64.9,68.0,70.0,83.8
2017,94.0,64.65425531914896,6.245594832826704,50.0,59.275,66.0,69.1,75.9
2018,94.0,68.18510638297872,5.114683846414752,55.9,64.9,68.0,72.0,79.0
2019,94.0,65.65744680851068,4.009249771927333,54.0,63.025,65.4,69.1,81.1
2020,94.0,66.50106382978727,5.6909755892265315,48.0,63.175,67.5,71.1,76.8
