year,count,mean,std,min,25%,50%,75%,max
1946,94.0,82.04893617021278,6.875103044089574,61.0,78.1,82.45,86.82499999999999,100.0
1947,94.0,84.30531914893615,8.365808125696729,57.9,79.0,84.9,90.0,100.9
1948,94.0,83.45638297872341,6.703113680450339,64.9,79.0,83.45,88.0,98.1
1949,94.0,83.07765957446807,8.311698637971405,60.1,79.0,84.9,89.1,102.0
1950,94.0,79.95957446808511,6.677056191681181,64.9,75.0,80.1,86.0,93.0
1951,94.0,79.48191489361703,6.543682215611908,64.0,75.225,79.0,84.9,91.9
1952,94.0,84.563829787234,8.473613072848586,63.0,80.32499999999999,84.9,91.0,100.0
1953,94.0,85.65957446808511,8.37283522526561,63.0,80.1,87.1,91.67500000000001,100.9
1954,94.0,84.21702127659572,7.60546829728767,66.0,78.1,82.9,90.0,100.0
1955,94.0,86.88297872340422,7.840748788823355,66.9,80.32499999999999,88.0,93.9,100.0
1956,94.0,82.07765957446807,7.423678395184049,60.1,78.1,82.9,87.1,102.9
1957,94.0,82.05106382978724,6.861310334131398,68.0,77.0,82.0,87.775,95.0
1958,94.0,81.33617021276592,6.6096028391383825,64.9,75.9,82.0,86.82499999999999,93.9
1959,94.0,84.89680851063827,8.13179677175537,57.0,82.0,86.0,91.0,96.1
1960,94.0,83.68617021276597,6.944737329292348,64.9,79.0,84.0,88.0,99.0
1961,94.0,83.21276595744679,6.372458110866059,64.9,80.1,84.0,88.0,93.9
1962,94.0,81.77021276595744,7.0521533322036145,57.9,78.1,82.45,86.0,93.9
1963,94.0,82.27446808510639,7.511968030584189,61.0,78.1,82.9,87.1,99.0
1964,94.0,83.06276595744679,7.857945558238998,64.0,77.0,84.9,89.775,96.1
1965,94.0,80.0351063829787,7.206056405086777,59.0,75.9,80.1,85.725,93.9
1966,94.0,81.05744680851065,7.1708413351662905,62.1,76.17500000000001,81.0,85.725,98.1
1967,94.0,76.43510638297872,6.303040867875549,64.0,72.0,75.9,82.0,88.0
1968,94.0,79.6127659574468,7.603553697209977,63.0,73.9,79.55,84.9,93.9
1969,94.0,79.59893617021277,7.834751571647329,59.0,75.9,81.0,84.9,93.9
1970,94.0,82.78085106382979,7.748552089452316,57.9,78.32499999999999,84.0,89.1,98.1
1971,94.0,83.16489361702128,7.944778598413443,64.0,78.1,84.9,89.1,100.9
1972,94.0,80.4,8.259097297649605,62.1,74.17500000000001,80.1,87.1,96.1
1973,94.0,81.3893617021276,7.496629609509424,61.9,75.9,81.0,88.0,95.9
1974,94.0,77.8882978723404,8.889087866205045,54.0,73.0,78.1,83.725,96.1
1975,94.0,78.8212765957447,7.23954006054691,57.9,75.0,80.1,84.0,91.0
1976,94.0,79.60425531914892,6.978691298172348,62.1,75.0,80.1,83.725,97.0
1977,94.0,79.19468085106384,7.673896082163505,60.1,74.17500000000001,80.1,84.0,98.1
1978,94.0,81.581914893617,5.828184445276495,68.0,78.1,82.0,86.0,91.9
1979,94.0,77.9872340425532,6.871762917952646,57.9,73.9,78.1,82.9,93.0
1980,94.0,82.00957446808512,7.64497261398551,60.1,75.9,81.0,89.1,99.0
1981,94.0,78.0095744680851,6.716070746246529,55.9,73.9,78.1,82.0,91.9
1982,94.0,76.54787234042554,7.692458654784618,57.0,72.0,78.1,82.0,91.9
1983,94.0,84.12340425531917,8.297213232538878,53.1,81.0,84.9,89.1,99.0
1984,94.0,80.52021276595745,7.306332204110659,62.1,75.9,80.55,85.725,96.1
1985,94.0,80.0531914893617,6.61408893957225,64.0,75.0,80.55,84.9,93.9
1986,94.0,80.45106382978722,7.5339053643440925,61.0,75.9,81.0,84.0,97.0
1987,94.0,79.73510638297874,7.217894540755233,61.0,75.0,80.1,84.9,98.1
1988,94.0,85.10638297872339,9.500082721888159,64.9,79.0,84.0,92.725,105.1
1989,94.0,78.61489361702125,6.548806957698944,62.1,74.17500000000001,78.1,82.0,100.9
1990,94.0,81.34680851063828,8.218569351048352,61.0,75.9,82.0,86.0,99.0
1991,94.0,80.10744680851062,8.077251200718338,55.9,74.17500000000001,81.0,86.82499999999999,97.0
1992,94.0,75.08085106382971,7.272089472043607,55.0,69.17500000000001,74.8,80.725,90.9
1993,94.0,78.11170212765953,7.376114552310901,59.0,73.9,77.9,83.8,92.8
1994,94.0,78.13936170212762,6.844560167700346,63.9,73.15,79.0,83.8,92.8
1995,94.0,81.02553191489353,8.337800129791242,50.9,77.9,81.45,85.725,102.9
1996,93.0,78.69354838709677,6.995585664819557,64.4,75.2,78.8,84.2,93.2
1997,94.0,78.01489361702123,7.477981405602681,64.4,73.4,77.0,83.75,102.2
1998,94.0,82.07446808510639,5.473453749743702,64.4,78.8,82.4,86.0,95.0
1999,94.0,80.79148936170209,7.31743623318764,60.8,75.65,80.6,85.55,102.2
2000,94.0,79.92978723404254,6.279833395968844,64.4,75.2,80.6,84.2,93.2
2001,93.0,80.40645161290321,6.928106059843312,64.4,75.2,80.6,84.2,95.0
2002,94.0,82.95531914893617,6.229941869993679,68.0,78.8,82.4,87.8,96.8
2003,94.0,83.86063829787231,5.697032203900635,70.0,81.25,83.45,86.0,95.0
2004,94.0,80.72872340425529,5.484967184901506,62.6,77.0,82.0,84.9,90.0
2005,94.0,85.79361702127656,6.202077496380145,69.1,82.4,86.0,90.0,104.0
2006,94.0,81.60531914893613,7.60042962879139,62.6,77.0,82.0,86.82499999999999,98.6
2007,94.0,81.97234042553193,6.2385965518398265,62.1,77.275,82.9,87.1,93.0
2008,94.0,81.42553191489361,5.905928061969941,64.9,78.1,82.0,84.9,93.9
2009,94.0,79.42978723404258,6.656209483289023,64.9,75.05,79.0,83.725,93.2
2010,94.0,83.87234042553192,6.246864232803476,66.9,80.6,84.2,88.82499999999999,95.0
2011,94.0,82.61702127659574,8.656027029476416,59.0,78.1,84.0,89.1,100.9
2012,94.0,86.3,8.484039411222865,60.1,80.69999999999999,87.1,92.725,104.0
2013,94.0,83.7127659574468,7.434057547669,64.0,79.275,84.0,88.82499999999999,97.0
2014,94.0,82.55531914893618,6.5105640708547385,57.9,81.0,84.0,87.1,91.9
2015,94.0,84.44042553191488,6.356561577283171,69.1,81.0,84.9,89.775,95.0
2016,94.0,82.7882978723404,5.359763603818047,72.0,79.0,83.2,87.1,91.9
2017,94.0,81.76489361702126,6.071344777552646,66.9,77.275,82.45,86.0,95.0
2018,94.0,84.72872340425532,6.864301017605986,66.9,80.1,84.9,90.0,96.1
2019,94.0,81.26170212765955,6.6232420087157395,64.9,76.3,81.0,85.875,95.0
2020,94.0,81.61170212765958,6.887449336432965,62.1,78.1,82.0,85.825,93.9
