year,count,mean,std,min,25%,50%,75%,max
1946,94.0,70.13510638297873,6.421765868535023,54.1,66.0,70.55,74.625,85.1
1947,94.0,73.9191489361702,7.101102089169351,47.6,70.275,74.44999999999999,78.575,88.3
1948,94.0,73.18829787234043,5.113819698651684,60.8,69.525,73.80000000000001,76.275,84.5
1949,94.0,73.01170212765958,7.773277306410792,51.6,68.05,74.65,78.775,85.9
1950,94.0,69.84255319148934,5.295798484002365,59.2,65.725,69.2,73.94999999999999,81.9
1951,94.0,69.23617021276596,5.480166606521395,56.1,65.8,69.15,72.85000000000001,83.3
1952,94.0,73.0617021276596,7.144817000793941,55.4,68.14999999999999,74.25,78.35,87.1
1953,94.0,74.1031914893617,7.616711283759011,51.5,69.225,75.15,79.475,88.2
1954,94.0,73.84361702127661,5.848105262696468,57.0,70.6,73.9,78.0,84.8
1955,94.0,76.41170212765961,6.68287582779097,58.4,71.825,76.9,81.7,89.8
1956,94.0,71.64680851063831,6.482427895881537,48.7,67.7,72.7,76.30000000000001,86.3
1957,94.0,72.6191489361702,5.521634411995243,60.7,68.525,72.95,76.975,84.7
1958,94.0,71.35319148936169,5.6109474815183304,58.9,67.4,71.80000000000001,76.125,83.6
1959,94.0,74.6659574468085,7.070848121651325,52.4,71.05,76.0,79.65,85.3
1960,94.0,73.56702127659574,5.742285864164114,59.5,69.4,73.95,77.675,85.9
1961,94.0,73.40744680851063,5.812634354774221,55.4,69.97500000000001,74.8,77.725,83.5
1962,94.0,71.82340425531916,6.018616736943652,51.6,68.6,72.05,75.35000000000001,84.2
1963,94.0,72.34893617021272,6.15403958040345,57.1,68.2,72.5,76.57499999999999,85.3
1964,94.0,73.00638297872341,7.228941362889469,56.4,67.775,73.4,79.07499999999999,86.2
1965,94.0,70.71170212765955,6.136211159517654,54.2,66.95,70.45,74.475,85.7
1966,94.0,75.1723404255319,5.962506585832014,60.7,70.9,75.2,79.7,89.0
1967,94.0,70.65425531914892,5.338572659582154,60.2,66.625,71.25,74.1,82.2
1968,94.0,72.96382978723403,6.716883735073953,57.5,68.55000000000001,72.65,77.325,87.3
1969,94.0,73.78936170212766,6.3193586867538105,57.3,70.025,74.55,77.975,85.5
1970,94.0,73.33510638297871,6.858049308013294,55.8,68.45,74.30000000000001,78.0,91.8
1971,94.0,72.78829787234041,6.234828577770921,57.8,68.42500000000001,73.0,76.975,88.1
1972,94.0,71.23829787234044,7.853731479168177,54.5,66.2,71.6,77.3,87.5
1973,94.0,75.82978723404253,6.710396840775922,59.3,71.075,76.35,80.475,89.6
1974,94.0,71.84148936170213,7.512762039148775,48.0,67.77499999999999,73.05,76.6,88.3
1975,94.0,73.39255319148937,6.682254454442336,55.2,70.14999999999999,74.9,77.57499999999999,85.4
1976,94.0,72.84787234042552,5.80938670764924,57.9,68.375,72.75,77.0,87.2
1977,94.0,72.89042553191489,6.429720459967106,57.3,68.775,72.6,76.45,88.7
1978,94.0,74.83404255319148,4.409460825584383,62.1,72.1,74.2,78.325,83.5
1979,94.0,71.36595744680852,6.015902817353949,54.9,67.025,71.69999999999999,76.30000000000001,83.9
1980,94.0,74.20212765957447,5.524081760379344,55.9,70.64999999999999,74.05,78.175,86.9
1981,94.0,72.39787234042554,5.744524812102488,53.9,69.225,73.0,76.65,84.3
1982,94.0,71.28617021276594,6.796513987281878,53.6,67.19999999999999,72.0,75.975,84.1
1983,94.0,77.52127659574465,7.233165435944862,50.3,75.175,79.05,81.875,91.2
1984,94.0,74.17127659574467,5.958776347294868,57.4,70.42500000000001,74.7,78.375,85.4
1985,94.0,74.1212765957447,5.253629003614396,60.5,70.6,73.94999999999999,78.175,86.4
1986,94.0,74.0340425531915,6.935347409978429,57.5,69.32499999999999,75.55,77.875,90.0
1987,94.0,74.40851063829787,6.235014888609003,58.1,70.175,74.8,79.3,85.5
1988,94.0,78.42978723404258,8.369335089881215,60.8,72.925,78.2,85.775,97.0
1989,94.0,74.03936170212768,5.483900544283491,57.3,70.9,73.4,77.85000000000001,92.4
1990,94.0,73.04893617021276,6.535046045215463,57.0,68.725,73.85,77.775,88.5
1991,94.0,74.14255319148938,6.837774418808841,50.5,70.6,74.3,78.6,86.5
1992,94.0,69.00531914893618,5.545944309506316,52.7,64.825,68.5,72.825,84.1
1993,94.0,72.46063829787236,6.398289725868304,54.6,69.125,73.1,76.25,87.0
1994,94.0,72.1882978723404,5.47602509445028,62.1,68.625,72.05,76.07499999999999,84.6
1995,94.0,75.46808510638301,7.708439904164777,45.8,73.64999999999999,76.5,78.975,94.2
1996,93.0,73.38709677419355,6.086589424915197,57.1,70.3,74.0,76.9,87.0
1997,94.0,72.4159574468085,5.768924970044047,60.7,69.2,71.65,75.7,86.5
1998,94.0,76.53936170212768,4.332081326620379,63.2,74.2,76.55,79.375,88.4
1999,94.0,75.22340425531915,6.524683085154567,58.6,71.55,74.85,79.25,95.3
2000,94.0,73.95638297872343,5.103499927271886,57.8,70.9,74.85,77.5,84.6
2001,93.0,74.36236559139782,6.05927090567573,61.1,70.3,75.0,78.4,88.8
2002,94.0,77.14680851063827,5.353276599432755,60.9,73.075,76.9,80.5,89.2
2003,94.0,71.8968085106383,5.142976254916648,56.8,68.6,71.95,74.95,83.5
2004,94.0,69.35319148936168,4.958422878981633,56.0,65.14999999999999,69.35,73.05,79.0
2005,94.0,76.60638297872342,5.0443369399335465,63.7,73.425,76.94999999999999,80.35000000000001,87.7
2006,94.0,73.36808510638298,6.805977966369016,53.2,68.92500000000001,73.45,77.475,89.2
2007,94.0,73.28085106382983,5.923332333625115,51.1,70.5,74.05,77.375,83.5
2008,94.0,72.47021276595743,5.1141976065209835,57.2,69.125,72.4,76.55,81.5
2009,94.0,71.10851063829789,5.557919073233866,58.6,67.35,71.15,74.07499999999999,85.6
2010,94.0,75.06489361702126,6.070724876503248,59.7,72.2,76.15,79.675,84.9
2011,94.0,74.17021276595747,7.618142321285562,51.9,70.525,74.44999999999999,79.7,90.8
2012,94.0,76.28085106382979,7.728710287542306,53.6,70.775,77.0,81.45,92.7
2013,94.0,73.58936170212766,6.581817052853046,57.2,69.075,74.15,78.025,87.7
2014,94.0,72.16170212765962,6.607931148313792,49.8,69.225,73.30000000000001,77.07499999999999,81.5
2015,94.0,73.89574468085104,6.1022808162127085,59.2,69.1,75.0,78.07499999999999,83.9
2016,94.0,74.37659574468084,4.1207689420216305,66.2,71.35,74.65,76.875,87.0
2017,94.0,72.78510638297874,5.567821477927104,58.4,69.225,73.6,77.02499999999999,85.2
2018,94.0,75.59787234042552,5.409688217188096,60.3,71.75,75.94999999999999,79.1,87.3
2019,94.0,72.57659574468083,4.928312444970439,59.9,69.625,72.35,75.35000000000001,86.4
2020,94.0,73.2946808510638,5.822543637722071,56.1,70.92500000000001,73.9,77.575,84.2
