year,count,mean,std,min,25%,50%,75%,max
1945,11.0,17.099999999999998,11.400614018551808,-0.9,9.5,17.1,26.55,32.0
1946,90.0,23.362222222222226,12.0707239645646,-4.0,17.1,23.0,30.9,48.9
1947,90.0,20.443333333333335,10.397753106461096,-2.9,14.0,23.0,27.75,39.0
1948,91.0,18.291208791208792,12.31245664043486,-9.9,10.0,19.0,27.0,51.1
1949,90.0,23.326666666666668,9.8987094834732,-4.0,17.325000000000003,26.1,30.0,39.0
1950,90.0,20.328888888888883,11.570829696921308,-9.0,12.0,19.9,28.9,46.0
1951,90.0,20.97555555555555,13.934818658174374,-15.0,12.225,25.0,30.9,46.0
1952,91.0,25.127472527472527,8.533412316484288,-2.9,20.45,26.1,30.9,43.0
1953,90.0,25.912222222222223,10.455726110098148,0.0,19.0,27.0,33.1,46.9
1954,90.0,26.618888888888893,10.125148293484086,-7.1,21.225,28.9,33.1,57.0
1955,90.0,23.931111111111107,11.881225341078803,-9.9,18.0,26.1,32.0,42.1
1956,91.0,25.25934065934067,7.357580792352547,1.9,21.45,26.1,29.45,39.9
1957,90.0,23.517777777777777,12.693983160906912,-7.1,16.5,26.1,30.9,53.1
1958,90.0,22.227777777777778,11.557428933182678,-8.0,15.1,26.55,30.9,41.0
1959,90.0,20.352222222222224,12.695228049584665,-9.9,12.5,23.55,28.9,52.0
1960,91.0,19.956043956043956,9.885468670856776,-13.0,12.0,21.0,27.0,39.0
1961,90.0,23.488888888888884,12.298565225941159,-2.9,17.1,28.0,32.0,44.1
1962,90.0,17.415555555555553,12.259643405477307,-11.9,9.0,19.9,27.75,37.9
1963,90.0,13.946666666666669,15.1804516520277,-18.0,1.9,14.0,27.0,39.0
1964,91.0,25.234065934065942,8.795317185616694,3.9,19.0,26.1,32.0,46.9
1965,90.0,22.14,12.833241597026078,-9.0,14.0,23.0,30.9,44.1
1966,90.0,22.958888888888886,12.944409182679571,-14.1,16.0,24.1,33.1,46.9
1967,90.0,22.243333333333336,10.667666678311173,-7.1,15.325,24.1,28.674999999999997,48.9
1968,91.0,22.278021978021975,12.230097684699395,-9.9,15.1,24.1,31.45,48.9
1969,89.0,24.07415730337079,10.217682179013893,-6.0,19.9,27.0,30.0,46.0
1970,90.0,20.724444444444437,11.863155226797009,-6.0,14.275,23.0,30.9,41.0
1971,90.0,21.168888888888887,12.909822446706738,-8.0,12.225,24.55,30.674999999999997,48.0
1972,91.0,21.28461538461539,13.077324930979863,-15.0,14.0,24.1,30.9,41.0
1973,89.0,28.568539325842696,10.355516706146384,3.2,21.2,30.0,36.0,50.0
1974,90.0,27.736666666666665,10.018403851429477,2.1,21.425,31.1,34.0,60.1
1975,90.0,26.04888888888888,8.281117609593531,-1.8,22.1,27.65,31.775,42.1
1976,91.0,23.999999999999986,12.737774094750185,-4.9,14.2,24.3,34.0,60.1
1977,90.0,19.493333333333336,15.075292681676274,-15.9,7.45,19.65,32.0,48.0
1978,90.0,11.998888888888887,11.102368351897871,-7.1,2.4,11.45,20.575,34.9
1979,90.0,19.84333333333333,13.9205454013003,-10.8,8.424999999999999,21.1,31.775,45.0
1980,91.0,22.994505494505493,9.424240171403891,2.1,14.1,24.3,30.2,42.1
1981,90.0,25.517777777777773,11.15512254756468,0.1,18.375,28.2,34.0,44.1
1982,90.0,21.586666666666666,14.050176535337815,-17.9,13.375,23.2,32.825,48.0
1983,90.0,28.06888888888888,13.096166730048282,-17.9,22.650000000000002,31.1,36.0,54.0
1984,91.0,25.93846153846154,11.084842195346152,-10.8,21.2,28.2,33.1,46.0
1985,90.0,21.678888888888896,13.436379381603961,-20.7,12.2,21.65,32.825,43.0
1986,90.0,25.776666666666657,10.144983262344912,0.1,18.375,30.2,33.1,42.1
1987,90.0,29.913333333333327,7.716161355714104,0.1,27.1,32.0,34.0,48.9
1988,91.0,22.93956043956045,12.157429179274875,-8.9,14.2,26.2,32.0,48.9
1989,89.0,23.956179775280887,11.217680393996748,-13.9,20.1,26.2,31.1,43.0
1990,89.0,30.146067415730325,10.964633809950634,-0.8,25.2,30.2,36.0,60.1
1991,90.0,26.85777777777776,8.791351441887734,4.1,21.2,29.65,33.1,43.0
1992,91.0,28.88351648351648,8.736694820459075,-2.7,23.549999999999997,32.0,35.1,43.0
1993,90.0,23.807777777777797,8.164175344220997,0.0,18.9,25.0,30.625,36.9
1994,90.0,22.336666666666677,13.903620496883114,-18.0,15.175,25.0,32.0,52.0
1995,90.0,25.261111111111127,10.597484272640557,0.9,19.15,25.45,32.0,47.8
1996,91.0,22.7956043956044,12.928151127484997,-16.1,15.350000000000001,23.9,32.9,43.9
1997,90.0,23.679999999999993,12.313828893665525,-7.6,18.05,26.6,32.0,51.8
1998,88.0,29.27954545454546,9.133469573917692,5.0,24.8,32.0,35.6,48.2
1999,90.0,25.900000000000006,11.160373317423998,-11.2,21.2,28.4,32.0,46.4
2000,91.0,28.32087912087913,12.513739262493457,-4.0,21.2,28.4,37.4,59.0
2001,90.0,25.62,7.58970621627993,1.4,21.2,26.6,32.0,39.2
2002,90.0,29.63999999999999,7.883716684663708,-0.4,24.8,31.1,35.6,42.8
2003,90.0,22.844444444444445,10.162932328226676,1.4,15.8,21.2,30.2,48.2
2004,91.0,19.69120879120879,12.052806481402747,-9.0,11.4,21.2,27.1,49.6
2005,90.0,24.958888888888897,9.045576166821151,1.9,19.4,26.35,32.0,41.0
2006,90.0,29.319999999999993,8.761524673636526,-6.0,25.0,30.0,33.8,48.0
2007,90.0,22.631111111111107,12.335876648383966,-9.0,15.1,24.9,30.9,48.0
2008,91.0,20.07362637362638,12.788873941958173,-5.1,10.9,21.2,30.0,55.4
2009,90.0,20.575555555555553,12.989427949372331,-18.0,12.2,19.2,28.299999999999997,51.1
2010,90.0,24.24888888888889,10.846728336484379,-0.4,17.6,24.8,30.724999999999998,50.0
2011,90.0,23.926666666666662,10.53432911426449,-6.0,19.0,25.0,30.0,48.0
2012,91.0,29.750549450549453,12.126091003620378,6.1,23.0,28.0,33.1,66.0
2013,90.0,21.912222222222212,9.60417544703751,-0.9,15.1,23.0,29.6,42.1
2014,90.0,13.877777777777775,13.655823779477013,-15.0,2.175,14.0,23.825000000000003,39.9
2015,90.0,18.911111111111108,13.36997680066936,-7.1,7.0,21.0,29.6,51.1
2016,91.0,25.20769230769231,11.367978719673086,-2.2,19.9,26.4,32.55,57.9
2017,90.0,24.581111111111113,10.87541185524592,0.0,18.775,25.549999999999997,33.9,45.1
2018,90.0,22.37888888888889,11.233592224091929,-7.1,13.5,26.35,30.9,39.9
2019,90.0,21.28888888888889,13.183854992354306,-20.9,15.325,25.0,28.9,42.1
2020,80.0,26.546249999999997,8.095239165824488,1.9,24.1,28.0,32.125,42.1
