year,count,mean,std,min,25%,50%,75%,max
1945,11.0,22.963636363636365,9.555027234631279,6.0,19.35,23.6,29.8,34.3
1946,90.0,30.250000000000004,11.158060018246294,4.1,24.924999999999997,30.75,35.650000000000006,56.5
1947,90.0,26.72444444444445,9.658277129158208,2.5,21.875,28.55,32.55,45.6
1948,91.0,24.703296703296697,11.593469910537769,-2.7,17.1,24.1,31.1,54.9
1949,90.0,29.348888888888894,8.61119267006602,2.7,24.375,30.4,34.775,43.8
1950,90.0,27.019999999999992,10.301589274137932,0.5,19.9,28.0,33.724999999999994,54.4
1951,90.0,26.921111111111106,12.827099950245303,-7.2,20.9,30.8,35.375,53.6
1952,91.0,30.746153846153863,7.648359412933056,3.6,27.4,31.3,35.55,49.5
1953,90.0,31.669999999999998,8.929894874628149,9.2,26.075,31.7,37.0,51.3
1954,90.0,32.74111111111111,9.284491048649862,3.7,27.75,34.4,37.75,60.7
1955,90.0,30.318888888888885,11.281952321728841,-1.2,25.325,31.1,37.150000000000006,53.1
1956,91.0,30.736263736263727,6.351561776156868,10.4,27.549999999999997,31.2,33.849999999999994,44.5
1957,90.0,29.414444444444456,11.988117348151821,-0.9,23.099999999999998,30.75,35.5,59.7
1958,90.0,26.69888888888888,10.768018548956057,-1.4,19.375,30.25,34.05,47.0
1959,90.0,26.454444444444434,11.594614801041011,-2.5,19.825000000000003,28.9,33.0,54.1
1960,91.0,25.18351648351647,8.791059394334978,-3.6,20.7,25.6,31.700000000000003,47.2
1961,90.0,29.297777777777785,11.602895587631485,3.9,23.45,32.35,38.125,48.7
1962,90.0,23.19333333333334,10.830863100677524,-7.7,17.15,25.9,31.875,41.9
1963,90.0,20.50333333333334,13.916165121375693,-9.9,8.975,22.549999999999997,32.625,46.6
1964,91.0,31.65604395604395,8.648419364783226,12.0,25.75,32.4,36.75,53.7
1965,90.0,28.27444444444445,12.41691996323095,-1.9,19.549999999999997,30.55,34.875,56.8
1966,90.0,28.036666666666672,12.477561433462979,-7.8,20.7,28.25,38.025,55.4
1967,90.0,27.892222222222234,9.835000874288392,1.8,21.45,28.05,33.050000000000004,53.6
1968,91.0,28.449450549450557,11.516031083536197,-0.8,21.6,29.2,35.05,54.4
1969,89.0,28.51123595505618,9.519649991205357,-0.6,24.2,30.8,33.9,54.2
1970,90.0,26.01,11.011822553739966,-1.0,20.650000000000002,28.5,34.075,44.1
1971,90.0,27.018888888888892,12.336161281211224,-1.1,19.525,30.05,34.475,54.1
1972,91.0,27.63516483516482,12.421525882527689,-8.8,22.5,31.1,34.6,50.7
1973,89.0,32.8370786516854,10.2790208016849,10.7,26.7,33.2,39.2,58.1
1974,90.0,31.89222222222222,9.819634398761666,7.7,24.675,34.4,38.050000000000004,64.6
1975,90.0,30.284444444444432,7.259382322922665,6.6,27.75,31.15,34.075,43.7
1976,91.0,30.08461538461538,12.702457531927728,2.2,22.5,29.6,37.4,63.5
1977,90.0,25.76222222222222,14.752676982578777,-7.5,13.274999999999999,26.049999999999997,35.5,58.0
1978,90.0,21.363333333333337,9.792767911616538,-1.7,13.925,22.05,28.1,39.7
1979,90.0,24.933333333333334,13.006506582597268,-4.7,15.35,25.4,34.699999999999996,50.5
1980,91.0,28.019780219780216,8.767163734706905,9.4,20.950000000000003,29.3,34.05,48.6
1981,90.0,30.74666666666666,10.573819694005966,6.4,23.825,31.9,37.75,51.8
1982,90.0,27.06000000000001,13.017074353290798,-13.3,20.725,28.049999999999997,36.525,57.2
1983,90.0,32.20777777777777,12.962922300037286,-12.2,26.825,33.599999999999994,39.35,64.3
1984,91.0,30.82527472527474,11.054989757335756,-2.0,25.25,30.9,38.1,59.8
1985,90.0,27.457777777777785,12.275544133368879,-13.9,19.675,26.4,37.25,53.6
1986,90.0,30.805555555555557,9.464995962191141,5.5,24.725,32.849999999999994,36.275,56.0
1987,90.0,34.290000000000006,7.983635650644835,5.4,31.725,35.25,38.25,61.3
1988,91.0,28.816483516483498,11.579553471876999,-2.3,20.799999999999997,29.8,37.85,51.9
1989,89.0,28.940449438202236,11.046448617924096,-9.8,25.0,30.3,35.8,52.0
1990,89.0,35.83258426966292,11.17517312537137,7.7,30.0,35.9,39.6,70.1
1991,90.0,31.44555555555556,8.207096971470856,11.1,27.25,33.650000000000006,35.9,48.1
1992,91.0,33.47582417582418,8.197104375724402,9.4,30.450000000000003,35.1,37.849999999999994,53.3
1993,90.0,28.270000000000007,7.5562378428076675,9.8,24.2,29.049999999999997,34.275,41.9
1994,90.0,28.057777777777765,13.586046855636319,-11.1,20.825,30.35,37.325,56.2
1995,90.0,30.358888888888885,10.975487442216734,6.4,25.225,30.15,35.85,62.7
1996,91.0,28.51758241758241,12.230840739763773,-7.6,22.799999999999997,28.0,36.75,51.6
1997,90.0,29.063333333333336,11.868847430388625,-2.0,24.8,30.9,35.875,54.3
1998,88.0,33.28295454545455,7.9890474104642655,12.3,29.5,34.75,38.175,53.0
1999,90.0,30.815555555555562,10.864196543777302,-3.2,26.200000000000003,33.2,37.275,60.1
2000,91.0,33.989010989011,12.97306140987247,4.3,25.95,32.6,40.3,69.9
2001,90.0,30.837777777777788,6.985049488339851,12.2,26.075,32.2,35.8,44.7
2002,90.0,35.37555555555557,7.798117190089033,8.5,31.474999999999998,35.3,40.1,51.4
2003,90.0,29.44555555555556,9.97044127037978,9.2,22.125,28.35,34.875,57.8
2004,91.0,27.57582417582418,11.846118357779487,-1.9,20.450000000000003,27.6,34.85,54.5
2005,90.0,30.633333333333322,8.626546433584329,7.5,26.05,31.65,35.650000000000006,47.7
2006,90.0,35.27444444444444,8.369588623871184,3.9,30.775000000000002,35.05,39.975,53.4
2007,90.0,28.575555555555564,12.467344410666703,-2.4,22.95,29.8,36.075,59.1
2008,91.0,26.96153846153846,12.560854263506917,-0.1,19.35,27.7,34.4,59.6
2009,90.0,27.37999999999999,12.763397455487372,-9.2,19.325,25.35,35.1,58.0
2010,90.0,29.381111111111107,10.45322265715697,8.6,21.95,29.2,33.875,54.8
2011,90.0,29.467777777777773,10.254939371985392,4.1,22.975,30.1,35.75,56.7
2012,91.0,36.34945054945055,13.001481741421914,11.3,30.15,33.7,38.7,75.2
2013,90.0,28.4688888888889,9.520405576815843,5.5,22.525,28.95,33.875,52.7
2014,90.0,22.730000000000004,12.788174400374043,-7.5,12.575,22.9,32.075,46.5
2015,90.0,27.944444444444436,13.168801325085575,0.4,18.225,29.3,36.75,61.3
2016,91.0,32.58351648351647,11.202135349380331,2.5,28.4,33.1,38.75,62.4
2017,90.0,32.025555555555556,11.988061112559109,1.1,26.0,33.45,38.95,56.6
2018,90.0,30.26444444444445,11.408387522681084,-0.6,23.424999999999997,32.35,36.650000000000006,59.2
2019,90.0,28.897777777777776,12.46005733189488,-11.8,23.775,29.85,37.6,56.4
2020,80.0,33.675000000000004,7.513237263471398,9.1,30.475,33.4,38.05,54.7
